01234567890123456789012345678901234567890123456789012345678901234567890123456789
11234567890123456789012345678901234567890123456789012345678901234567890123456789
21234567890123456789012345678901234567890123456789012345678901234567890123456789
31234567890123456789012345678901234567890123456789012345678901234567890123456789
41234567890123456789012345678901234567890123456789012345678901234567890123456789
51234567890123456789012345678901234567890123456789012345678901234567890123456789
61234567890123456789012345678901234567890123456789012345678901234567890123456789
71234567890123456789012345678901234567890123456789012345678901234567890123456789
81234567890123456789012345678901234567890123456789012345678901234567890123456789
91234567890123456789012345678901234567890123456789012345678901234567890123456789
01234567890123456789012345678901234567890123456789012345678901234567890123456789
11234567890123456789012345678901234567890123456789012345678901234567890123456789
21234567890123456789012345678901234567890123456789012345678901234567890123456789
31234567890123456789012345678901234567890123456789012345678901234567890123456789
41234567890123456789012345678901234567890123456789012345678901234567890123456789
51234567890123456789012345678901234567890123456789012345678901234567890123456789
61234567890123456789012345678901234567890123456789012345678901234567890123456789
71234567890123456789012345678901234567890123456789012345678901234567890123456789
81234567890123456789012345678901234567890123456789012345678901234567890123456789
91234567890123456789012345678901234567890123456789012345678901234567890123456789
01234567890123456789012345678901234567890123456789012345678901234567890123456789
11234567890123456789012345678901234567890123456789012345678901234567890123456789
21234567890123456789012345678901234567890123456789012345678901234567890123456789
31234567890123456789012345678901234567890123456789012345678901234567890123456789
41234567890123456789012345678901234567890123456789012345678901234567890123456789
51234567890123456789012345678901234567890123456789012345678901234567890123456789
61234567890123456789012345678901234567890123456789012345678901234567890123456789
71234567890123456789012345678901234567890123456789012345678901234567890123456789
81234567890123456789012345678901234567890123456789012345678901234567890123456789
91234567890123456789012345678901234567890123456789012345678901234567890123456789
01234567890123456789012345678901234567890123456789012345678901234567890123456789
11234567890123456789012345678901234567890123456789012345678901234567890123456789
21234567890123456789012345678901234567890123456789012345678901234567890123456789
31234567890123456789012345678901234567890123456789012345678901234567890123456789
41234567890123456789012345678901234567890123456789012345678901234567890123456789
